Testing with Partial Data:
Country       | Year   1983   1984   1985   1986   1987   1988   1989
Canada                 0.00   0.00   0.05   0.23   0.37   0.75   1.26
Mexico                 0.00   0.00   0.00   0.00   0.00   0.00   0.01
United States          0.00   0.04   0.14   0.28   0.50   0.83   1.39

United States (1983 to 1989): 3.18
Mexico (1983 to 1989): 0.01
Illegal Argument Request of start year 1890. Illegal Argument Request of end year 2000. Valid period for Canada is 1983 to 1989.
Canada (1890 to 2000): 2.66


Testing with All Data:
Country       | Year   1960   1961   1962   1963   1964   1965   1966   1967   1968   1969   1970   1971   1972   1973   1974   1975   1976   1977   1978   1979   1980   1981   1982   1983   1984   1985   1986   1987   1988   1989   1990   1991   1992   1993   1994   1995   1996   1997   1998   1999   2000   2001   2002   2003   2004   2005   2006   2007   2008   2009   2010   2011   2012   2013   2014
Canada                 0.00   0.00   0.00   0.00   0.00   0.00   0.00   0.00   0.00   0.00   0.00   0.00   0.00   0.00   0.00   0.00   0.00   0.00   0.00   0.00   0.00   0.00   0.00   0.00   0.00   0.05   0.23   0.37   0.75   1.26   2.11   2.77   3.62   4.65   6.44   8.84  11.82  14.05  17.74  22.72  28.43  34.37  37.95  42.07  47.06  52.76  57.49  61.47  66.20  70.55  75.68  77.83  79.57  80.61  81.04
Mexico                 0.00   0.00   0.00   0.00   0.00   0.00   0.00   0.00   0.00   0.00   0.00   0.00   0.00   0.00   0.00   0.00   0.00   0.00   0.00   0.00   0.00   0.00   0.00   0.00   0.00   0.00   0.00   0.00   0.00   0.01   0.07   0.18   0.35   0.42   0.61   0.72   1.05   1.76   3.33   7.56  13.55  20.65  24.29  27.85  35.15  42.56  49.41  58.63  65.50  71.46  77.52  79.24  83.35  87.26  82.22
United States          0.00   0.00   0.00   0.00   0.00   0.00   0.00   0.00   0.00   0.00   0.00   0.00   0.00   0.00   0.00   0.00   0.00   0.00   0.00   0.00   0.00   0.00   0.00   0.00   0.04   0.14   0.28   0.50   0.83   1.39   2.08   2.94   4.25   6.10   9.10  12.60  16.24  20.14  24.89  30.58  38.47  44.69  48.85  54.85  62.55  68.32  76.29  82.06  85.21  88.62  91.31  94.44  96.01  97.08 110.20

United States (1983 to 1989): 3.18
Mexico (1960 to 2000): 29.62
Illegal Argument Request of start year 1890. Valid period for Canada is 1960 to 2000.
Canada (1890 to 2000): 125.85


Test Case 3:
Country       | Year   1960   1961   1962   1963   1964   1965   1966   1967   1968   1969   1970   1971   1972   1973   1974   1975   1976   1977   1978   1979   1980   1981   1982   1983   1984   1985   1986   1987   1988   1989   1990   1991   1992   1993   1994   1995   1996   1997   1998   1999   2000   2001   2002   2003   2004   2005   2006   2007   2008   2009   2010   2011   2012   2013   2014
United States          0.00   0.00   0.00   0.00   0.00   0.00   0.00   0.00   0.00   0.00   0.00   0.00   0.00   0.00   0.00   0.00   0.00   0.00   0.00   0.00   0.00   0.00   0.00   0.00   0.04   0.14   0.28   0.50   0.83   1.39   2.08   2.94   4.25   6.10   9.10  12.60  16.24  20.14  24.89  30.58  38.47  44.69  48.85  54.85  62.55  68.32  76.29  82.06  85.21  88.62  91.31  94.44  96.01  97.08 110.20
Mexico                 0.00   0.00   0.00   0.00   0.00   0.00   0.00   0.00   0.00   0.00   0.00   0.00   0.00   0.00   0.00   0.00   0.00   0.00   0.00   0.00   0.00   0.00   0.00   0.00   0.00   0.00   0.00   0.00   0.00   0.01   0.07   0.18   0.35   0.42   0.61   0.72   1.05   1.76   3.33   7.56  13.55  20.65  24.29  27.85  35.15  42.56  49.41  58.63  65.50  71.46  77.52  79.24  83.35  87.26  82.22
Canada                 0.00   0.00   0.00   0.00   0.00   0.00   0.00   0.00   0.00   0.00   0.00   0.00   0.00   0.00   0.00   0.00   0.00   0.00   0.00   0.00   0.00   0.00   0.00   0.00   0.00   0.05   0.23   0.37   0.75   1.26   2.11   2.77   3.62   4.65   6.44   8.84  11.82  14.05  17.74  22.72  28.43  34.37  37.95  42.07  47.06  52.76  57.49  61.47  66.20  70.55  75.68  77.83  79.57  80.61  81.04
Afghanistan            0.00   0.00   0.00   0.00   0.00   0.00   0.00   0.00   0.00   0.00   0.00   0.00   0.00   0.00   0.00   0.00   0.00   0.00   0.00   0.00   0.00   0.00   0.00   0.00   0.00   0.00   0.00   0.00   0.00   0.00   0.00   0.00   0.00   0.00   0.00   0.00   0.00   0.00   0.00   0.00   0.00   0.00   0.11   0.87   2.50   4.83   9.83  17.72  29.22  37.89  45.78  60.33  65.45  70.66  74.88

United States (1983 to 1989): 3.18
Afghanistan (1977 to 2012): 274.52
Country not found. Returning -1
Bangladesh (1963 to 2000): -1.00


Test Case 4:
Country       | Year   1960   1961   1962   1963   1964   1965   1966   1967   1968   1969   1970   1971   1972   1973   1974   1975   1976   1977   1978   1979   1980   1981   1982   1983   1984   1985   1986   1987   1988   1989   1990   1991   1992   1993   1994   1995   1996   1997   1998   1999   2000   2001   2002   2003   2004   2005   2006   2007   2008   2009   2010   2011   2012   2013   2014
Algeria                0.00   0.00   0.00   0.00   0.00   0.00   0.00   0.00   0.00   0.00   0.00   0.00   0.00   0.00   0.00   0.00   0.00   0.00   0.00   0.00   0.00   0.00   0.00   0.00   0.00   0.00   0.00   0.00   0.00   0.00   0.00   0.02   0.02   0.02   0.00   0.02   0.04   0.06   0.06   0.23   0.27   0.31   1.38   4.38  14.59  40.23  60.85  78.53  75.66  89.96  88.44  94.31  97.52 100.79  92.95
United States          0.00   0.00   0.00   0.00   0.00   0.00   0.00   0.00   0.00   0.00   0.00   0.00   0.00   0.00   0.00   0.00   0.00   0.00   0.00   0.00   0.00   0.00   0.00   0.00   0.04   0.14   0.28   0.50   0.83   1.39   2.08   2.94   4.25   6.10   9.10  12.60  16.24  20.14  24.89  30.58  38.47  44.69  48.85  54.85  62.55  68.32  76.29  82.06  85.21  88.62  91.31  94.44  96.01  97.08 110.20
Albania                0.00   0.00   0.00   0.00   0.00   0.00   0.00   0.00   0.00   0.00   0.00   0.00   0.00   0.00   0.00   0.00   0.00   0.00   0.00   0.00   0.00   0.00   0.00   0.00   0.00   0.00   0.00   0.00   0.00   0.00   0.00   0.00   0.00   0.00   0.00   0.00   0.07   0.10   0.17   0.33   0.90  11.95  26.08  33.96  39.16  47.88  60.07  73.35  58.91  78.18  85.47  98.29 110.69 116.16 105.47
Mexico                 0.00   0.00   0.00   0.00   0.00   0.00   0.00   0.00   0.00   0.00   0.00   0.00   0.00   0.00   0.00   0.00   0.00   0.00   0.00   0.00   0.00   0.00   0.00   0.00   0.00   0.00   0.00   0.00   0.00   0.01   0.07   0.18   0.35   0.42   0.61   0.72   1.05   1.76   3.33   7.56  13.55  20.65  24.29  27.85  35.15  42.56  49.41  58.63  65.50  71.46  77.52  79.24  83.35  87.26  82.22
Afghanistan            0.00   0.00   0.00   0.00   0.00   0.00   0.00   0.00   0.00   0.00   0.00   0.00   0.00   0.00   0.00   0.00   0.00   0.00   0.00   0.00   0.00   0.00   0.00   0.00   0.00   0.00   0.00   0.00   0.00   0.00   0.00   0.00   0.00   0.00   0.00   0.00   0.00   0.00   0.00   0.00   0.00   0.00   0.11   0.87   2.50   4.83   9.83  17.72  29.22  37.89  45.78  60.33  65.45  70.66  74.88
Canada                 0.00   0.00   0.00   0.00   0.00   0.00   0.00   0.00   0.00   0.00   0.00   0.00   0.00   0.00   0.00   0.00   0.00   0.00   0.00   0.00   0.00   0.00   0.00   0.00   0.00   0.05   0.23   0.37   0.75   1.26   2.11   2.77   3.62   4.65   6.44   8.84  11.82  14.05  17.74  22.72  28.43  34.37  37.95  42.07  47.06  52.76  57.49  61.47  66.20  70.55  75.68  77.83  79.57  80.61  81.04

Mexico (1960 to 2000): 29.62
Afghanistan (1977 to 2012): 274.52
Algeria (1984 to 1999): 0.46
Illegal arguments. The range of years is outside the valid period. Returning -1.
Canada (1882 to 1955): -1.00